0.0000  4.0000
0.0025  3.8025
0.0100  3.6100
0.0225  3.4225
0.0400  3.2400
0.0625  3.0625
0.0900  2.8900
0.1225  2.7225
0.1600  2.5600
0.2025  2.4025
0.2500  2.2500
0.3025  2.1025
0.3600  1.9600
0.4225  1.8225
0.4900  1.6900
0.5625  1.5625
0.6400  1.4400
0.7225  1.3225
0.8100  1.2100
0.9025  1.1025
1.0000  1.0000
1.1025  0.9025
1.2100  0.8100
1.3225  0.7225
1.4400  0.6400
1.5625  0.5625
1.6900  0.4900
1.8225  0.4225
1.9600  0.3600
2.1025  0.3025
2.2500  0.2500
2.4025  0.2025
2.5600  0.1600
2.7225  0.1225
2.8900  0.0900
3.0625  0.0625
3.2400  0.0400
3.4225  0.0225
3.6100  0.0100
3.8025  0.0025
4.0000  0.0000
